2021/03/22 12:44:06.306 10.54.160.222:502 write 12

00 01 00 00 00 06 01 04 00 00 00 41 
2021/03/22 12:44:06.307 10.54.160.222:502 read 139

00 01 00 00 00 85 01 04 82 80 01 00 1e 1e 1e 00 42 00 04 00 
00 05 88 00 00 05 5f 00 00 03 e8 00 00 00 00 00 00 00 00 00 
00 00 00 00 00 00 00 00 00 00 00 00 00 00 00 00 02 00 02 00 
08 00 08 00 00 00 00 01 01 00 08 00 08 00 00 04 00 00 23 00 
00 00 00 00 00 00 00 00 00 00 00 00 00 00 00 00 00 00 00 00 
00 00 00 00 00 00 00 00 00 00 00 00 00 00 00 00 00 00 00 00 
00 00 00 00 00 00 00 00 00 00 00 00 00 00 00 00 00 00 00 
2021/03/22 12:44:07.308 10.54.160.222:502 write 12

00 02 00 00 00 06 01 04 00 00 00 41 
2021/03/22 12:44:07.309 10.54.160.222:502 read 139

00 02 00 00 00 85 01 04 82 80 01 00 1e 1e 1e 00 42 00 04 00 
00 05 88 00 00 05 5f 00 00 03 e8 00 00 00 00 00 00 00 00 00 
00 00 00 00 00 00 00 00 00 00 00 00 00 00 00 00 02 00 02 00 
08 00 08 00 00 00 00 01 01 00 08 00 08 00 00 04 00 00 23 00 
00 00 00 00 00 00 00 00 00 00 00 00 00 00 00 00 00 00 00 00 
00 00 00 00 00 00 00 00 00 00 00 00 00 00 00 00 00 00 00 00 
00 00 00 00 00 00 00 00 00 00 00 00 00 00 00 00 00 00 00 
2021/03/22 12:44:08.309 10.54.160.222:502 write 12

00 03 00 00 00 06 01 04 00 00 00 41 
2021/03/22 12:44:08.310 10.54.160.222:502 read 139

00 03 00 00 00 85 01 04 82 80 01 00 1e 1e 1e 00 42 00 04 00 
00 05 8a 00 00 05 61 00 00 03 e8 00 00 00 00 00 00 00 00 00 
00 00 00 00 00 00 00 00 00 00 00 00 00 00 00 00 02 00 02 00 
08 00 08 00 00 00 00 01 01 00 08 00 08 00 00 04 00 00 23 00 
00 00 00 00 00 00 00 00 00 00 00 00 00 00 00 00 00 00 00 00 
00 00 00 00 00 00 00 00 00 00 00 00 00 00 00 00 00 00 00 00 
00 00 00 00 00 00 00 00 00 00 00 00 00 00 00 00 00 00 00 
2021/03/22 12:44:09.310 10.54.160.222:502 write 12

00 04 00 00 00 06 01 04 00 00 00 41 
2021/03/22 12:44:09.311 10.54.160.222:502 read 139

00 04 00 00 00 85 01 04 82 80 01 00 1e 1e 1e 00 42 00 04 00 
00 05 8a 00 00 05 60 00 00 03 e8 00 00 00 00 00 00 00 00 00 
00 00 00 00 00 00 00 00 00 00 00 00 00 00 00 00 02 00 02 00 
08 00 08 00 00 00 00 01 01 00 08 00 08 00 00 04 00 00 23 00 
00 00 00 00 00 00 00 00 00 00 00 00 00 00 00 00 00 00 00 00 
00 00 00 00 00 00 00 00 00 00 00 00 00 00 00 00 00 00 00 00 
00 00 00 00 00 00 00 00 00 00 00 00 00 00 00 00 00 00 00 
2021/03/22 12:44:10.312 10.54.160.222:502 write 12

00 05 00 00 00 06 01 04 00 00 00 41 
2021/03/22 12:44:10.313 10.54.160.222:502 read 139

00 05 00 00 00 85 01 04 82 80 01 00 1e 1e 1e 00 42 00 04 00 
00 05 89 00 00 05 60 00 00 03 e8 00 00 00 00 00 00 00 00 00 
00 00 00 00 00 00 00 00 00 00 00 00 00 00 00 00 02 00 02 00 
08 00 08 00 00 00 00 01 01 00 08 00 08 00 00 04 00 00 23 00 
00 00 00 00 00 00 00 00 00 00 00 00 00 00 00 00 00 00 00 00 
00 00 00 00 00 00 00 00 00 00 00 00 00 00 00 00 00 00 00 00 
00 00 00 00 00 00 00 00 00 00 00 00 00 00 00 00 00 00 00 
2021/03/22 12:44:11.313 10.54.160.222:502 write 12

00 06 00 00 00 06 01 04 00 00 00 41 
2021/03/22 12:44:11.314 10.54.160.222:502 read 139

00 06 00 00 00 85 01 04 82 80 01 00 1e 1e 1e 00 42 00 04 00 
00 05 8b 00 00 05 60 00 00 03 e8 00 00 00 00 00 00 00 00 00 
00 00 00 00 00 00 00 00 00 00 00 00 00 00 00 00 02 00 02 00 
08 00 08 00 00 00 00 01 01 00 08 00 08 00 00 04 00 00 23 00 
00 00 00 00 00 00 00 00 00 00 00 00 00 00 00 00 00 00 00 00 
00 00 00 00 00 00 00 00 00 00 00 00 00 00 00 00 00 00 00 00 
00 00 00 00 00 00 00 00 00 00 00 00 00 00 00 00 00 00 00 
2021/03/22 12:44:12.315 10.54.160.222:502 write 12

00 07 00 00 00 06 01 04 00 00 00 41 
2021/03/22 12:44:12.316 10.54.160.222:502 read 139

00 07 00 00 00 85 01 04 82 80 01 00 1e 1e 1e 00 42 00 04 00 
00 05 8c 00 00 05 60 00 00 03 e8 00 00 00 00 00 00 00 00 00 
00 00 00 00 00 00 00 00 00 00 00 00 00 00 00 00 02 00 02 00 
08 00 08 00 00 00 00 01 01 00 08 00 08 00 00 04 00 00 23 00 
00 00 00 00 00 00 00 00 00 00 00 00 00 00 00 00 00 00 00 00 
00 00 00 00 00 00 00 00 00 00 00 00 00 00 00 00 00 00 00 00 
00 00 00 00 00 00 00 00 00 00 00 00 00 00 00 00 00 00 00 
2021/03/22 12:44:13.316 10.54.160.222:502 write 12

00 08 00 00 00 06 01 04 00 00 00 41 
2021/03/22 12:44:13.317 10.54.160.222:502 read 139

00 08 00 00 00 85 01 04 82 80 01 00 1e 1e 1e 00 42 00 04 00 
00 05 8b 00 00 05 60 00 00 03 e8 00 00 00 00 00 00 00 00 00 
00 00 00 00 00 00 00 00 00 00 00 00 00 00 00 00 02 00 02 00 
08 00 08 00 00 00 00 01 01 00 08 00 08 00 00 04 00 00 23 00 
00 00 00 00 00 00 00 00 00 00 00 00 00 00 00 00 00 00 00 00 
00 00 00 00 00 00 00 00 00 00 00 00 00 00 00 00 00 00 00 00 
00 00 00 00 00 00 00 00 00 00 00 00 00 00 00 00 00 00 00 
2021/03/22 12:44:14.317 10.54.160.222:502 write 12

00 09 00 00 00 06 01 04 00 00 00 41 
2021/03/22 12:44:14.319 10.54.160.222:502 read 139

00 09 00 00 00 85 01 04 82 80 01 00 1e 1e 1e 00 42 00 04 00 
00 05 8b 00 00 05 5f 00 00 03 e8 00 00 00 00 00 00 00 00 00 
00 00 00 00 00 00 00 00 00 00 00 00 00 00 00 00 02 00 02 00 
08 00 08 00 00 00 00 01 01 00 08 00 08 00 00 04 00 00 23 00 
00 00 00 00 00 00 00 00 00 00 00 00 00 00 00 00 00 00 00 00 
00 00 00 00 00 00 00 00 00 00 00 00 00 00 00 00 00 00 00 00 
00 00 00 00 00 00 00 00 00 00 00 00 00 00 00 00 00 00 00 
2021/03/22 12:44:15.319 10.54.160.222:502 write 12

00 0a 00 00 00 06 01 04 00 00 00 41 
2021/03/22 12:44:15.320 10.54.160.222:502 read 139

00 0a 00 00 00 85 01 04 82 80 01 00 1e 1e 1e 00 42 00 04 00 
00 05 8c 00 00 05 61 00 00 03 e8 00 00 00 00 00 00 00 00 00 
00 00 00 00 00 00 00 00 00 00 00 00 00 00 00 00 02 00 02 00 
08 00 08 00 00 00 00 01 01 00 08 00 08 00 00 04 00 00 23 00 
00 00 00 00 00 00 00 00 00 00 00 00 00 00 00 00 00 00 00 00 
00 00 00 00 00 00 00 00 00 00 00 00 00 00 00 00 00 00 00 00 
00 00 00 00 00 00 00 00 00 00 00 00 00 00 00 00 00 00 00 
2021/03/22 12:44:16.321 10.54.160.222:502 write 12

00 0b 00 00 00 06 01 04 00 00 00 41 
2021/03/22 12:44:16.322 10.54.160.222:502 read 139

00 0b 00 00 00 85 01 04 82 80 01 00 1e 1e 1e 00 42 00 04 00 
00 05 8b 00 00 05 60 00 00 03 e8 00 00 00 00 00 00 00 00 00 
00 00 00 00 00 00 00 00 00 00 00 00 00 00 00 00 02 00 02 00 
08 00 08 00 00 00 00 01 01 00 08 00 08 00 00 04 00 00 23 00 
00 00 00 00 00 00 00 00 00 00 00 00 00 00 00 00 00 00 00 00 
00 00 00 00 00 00 00 00 00 00 00 00 00 00 00 00 00 00 00 00 
00 00 00 00 00 00 00 00 00 00 00 00 00 00 00 00 00 00 00 
2021/03/22 12:44:17.322 10.54.160.222:502 write 12

00 0c 00 00 00 06 01 04 00 00 00 41 
2021/03/22 12:44:17.323 10.54.160.222:502 read 139

00 0c 00 00 00 85 01 04 82 80 01 00 1e 1e 1e 00 42 00 04 00 
00 05 8b 00 00 05 5d 00 00 03 e8 00 00 00 00 00 00 00 00 00 
00 00 00 00 00 00 00 00 00 00 00 00 00 00 00 00 02 00 02 00 
08 00 08 00 00 00 00 01 01 00 08 00 08 00 00 04 00 00 23 00 
00 00 00 00 00 00 00 00 00 00 00 00 00 00 00 00 00 00 00 00 
00 00 00 00 00 00 00 00 00 00 00 00 00 00 00 00 00 00 00 00 
00 00 00 00 00 00 00 00 00 00 00 00 00 00 00 00 00 00 00 
2021/03/22 12:44:18.324 10.54.160.222:502 write 12

00 0d 00 00 00 06 01 04 00 00 00 41 
2021/03/22 12:44:18.325 10.54.160.222:502 read 139

00 0d 00 00 00 85 01 04 82 80 01 00 1e 1e 1e 00 42 00 04 00 
00 05 8c 00 00 05 61 00 00 03 e8 00 00 00 00 00 00 00 00 00 
00 00 00 00 00 00 00 00 00 00 00 00 00 00 00 00 02 00 02 00 
08 00 08 00 00 00 00 01 01 00 08 00 08 00 00 04 00 00 23 00 
00 00 00 00 00 00 00 00 00 00 00 00 00 00 00 00 00 00 00 00 
00 00 00 00 00 00 00 00 00 00 00 00 00 00 00 00 00 00 00 00 
00 00 00 00 00 00 00 00 00 00 00 00 00 00 00 00 00 00 00 
2021/03/22 12:44:19.325 10.54.160.222:502 write 12

00 0e 00 00 00 06 01 04 00 00 00 41 
2021/03/22 12:44:19.326 10.54.160.222:502 read 139

00 0e 00 00 00 85 01 04 82 80 01 00 1e 1e 1e 00 42 00 04 00 
00 05 8c 00 00 05 60 00 00 03 e8 00 00 00 00 00 00 00 00 00 
00 00 00 00 00 00 00 00 00 00 00 00 00 00 00 00 02 00 02 00 
08 00 08 00 00 00 00 01 01 00 08 00 08 00 00 04 00 00 23 00 
00 00 00 00 00 00 00 00 00 00 00 00 00 00 00 00 00 00 00 00 
00 00 00 00 00 00 00 00 00 00 00 00 00 00 00 00 00 00 00 00 
00 00 00 00 00 00 00 00 00 00 00 00 00 00 00 00 00 00 00 
2021/03/22 12:44:20.327 10.54.160.222:502 write 12

00 0f 00 00 00 06 01 04 00 00 00 41 
2021/03/22 12:44:20.328 10.54.160.222:502 read 139

00 0f 00 00 00 85 01 04 82 80 01 00 1e 1e 1e 00 42 00 04 00 
00 05 88 00 00 05 61 00 00 03 e8 00 00 00 00 00 00 00 00 00 
00 00 00 00 00 00 00 00 00 00 00 00 00 00 00 00 02 00 02 00 
08 00 08 00 00 00 00 01 01 00 08 00 08 00 00 04 00 00 23 00 
00 00 00 00 00 00 00 00 00 00 00 00 00 00 00 00 00 00 00 00 
00 00 00 00 00 00 00 00 00 00 00 00 00 00 00 00 00 00 00 00 
00 00 00 00 00 00 00 00 00 00 00 00 00 00 00 00 00 00 00 
2021/03/22 12:44:21.328 10.54.160.222:502 write 12

00 10 00 00 00 06 01 04 00 00 00 41 
2021/03/22 12:44:21.329 10.54.160.222:502 read 139

00 10 00 00 00 85 01 04 82 80 01 00 1e 1e 1e 00 42 00 04 00 
00 05 88 00 00 05 60 00 00 03 e8 00 00 00 00 00 00 00 00 00 
00 00 00 00 00 00 00 00 00 00 00 00 00 00 00 00 02 00 02 00 
08 00 08 00 00 00 00 01 01 00 08 00 08 00 00 04 00 00 23 00 
00 00 00 00 00 00 00 00 00 00 00 00 00 00 00 00 00 00 00 00 
00 00 00 00 00 00 00 00 00 00 00 00 00 00 00 00 00 00 00 00 
00 00 00 00 00 00 00 00 00 00 00 00 00 00 00 00 00 00 00 
2021/03/22 12:44:22.330 10.54.160.222:502 write 12

00 11 00 00 00 06 01 04 00 00 00 41 
2021/03/22 12:44:22.331 10.54.160.222:502 read 139

00 11 00 00 00 85 01 04 82 80 01 00 1e 1e 1e 00 42 00 04 00 
00 05 8c 00 00 05 5f 00 00 03 e8 00 00 00 00 00 00 00 00 00 
00 00 00 00 00 00 00 00 00 00 00 00 00 00 00 00 02 00 02 00 
08 00 08 00 00 00 00 01 01 00 08 00 08 00 00 04 00 00 23 00 
00 00 00 00 00 00 00 00 00 00 00 00 00 00 00 00 00 00 00 00 
00 00 00 00 00 00 00 00 00 00 00 00 00 00 00 00 00 00 00 00 
00 00 00 00 00 00 00 00 00 00 00 00 00 00 00 00 00 00 00 
2021/03/22 12:44:23.331 10.54.160.222:502 write 12

00 12 00 00 00 06 01 04 00 00 00 41 
2021/03/22 12:44:23.332 10.54.160.222:502 read 139

00 12 00 00 00 85 01 04 82 80 01 00 1e 1e 1e 00 42 00 04 00 
00 05 89 00 00 05 5f 00 00 03 e8 00 00 00 00 00 00 00 00 00 
00 00 00 00 00 00 00 00 00 00 00 00 00 00 00 00 02 00 02 00 
08 00 08 00 00 00 00 01 01 00 08 00 08 00 00 04 00 00 23 00 
00 00 00 00 00 00 00 00 00 00 00 00 00 00 00 00 00 00 00 00 
00 00 00 00 00 00 00 00 00 00 00 00 00 00 00 00 00 00 00 00 
00 00 00 00 00 00 00 00 00 00 00 00 00 00 00 00 00 00 00 
2021/03/22 12:44:24.332 10.54.160.222:502 write 12

00 13 00 00 00 06 01 04 00 00 00 41 
2021/03/22 12:44:24.333 10.54.160.222:502 read 139

00 13 00 00 00 85 01 04 82 80 01 00 1e 1e 1e 00 42 00 04 00 
00 05 88 00 00 05 61 00 00 03 e8 00 00 00 00 00 00 00 00 00 
00 00 00 00 00 00 00 00 00 00 00 00 00 00 00 00 02 00 02 00 
08 00 08 00 00 00 00 01 01 00 08 00 08 00 00 04 00 00 23 00 
00 00 00 00 00 00 00 00 00 00 00 00 00 00 00 00 00 00 00 00 
00 00 00 00 00 00 00 00 00 00 00 00 00 00 00 00 00 00 00 00 
00 00 00 00 00 00 00 00 00 00 00 00 00 00 00 00 00 00 00 
2021/03/22 12:44:25.334 10.54.160.222:502 write 12

00 14 00 00 00 06 01 04 00 00 00 41 
2021/03/22 12:44:25.335 10.54.160.222:502 read 139

00 14 00 00 00 85 01 04 82 80 01 00 1e 1e 1e 00 42 00 04 00 
00 05 8d 00 00 05 5f 00 00 03 e8 00 00 00 00 00 00 00 00 00 
00 00 00 00 00 00 00 00 00 00 00 00 00 00 00 00 02 00 02 00 
08 00 08 00 00 00 00 01 01 00 08 00 08 00 00 04 00 00 23 00 
00 00 00 00 00 00 00 00 00 00 00 00 00 00 00 00 00 00 00 00 
00 00 00 00 00 00 00 00 00 00 00 00 00 00 00 00 00 00 00 00 
00 00 00 00 00 00 00 00 00 00 00 00 00 00 00 00 00 00 00 
2021/03/22 12:44:26.336 10.54.160.222:502 write 12

00 15 00 00 00 06 01 04 00 00 00 41 
2021/03/22 12:44:26.337 10.54.160.222:502 read 139

00 15 00 00 00 85 01 04 82 80 01 00 1e 1e 1e 00 42 00 04 00 
00 05 8c 00 00 05 60 00 00 03 e8 00 00 00 00 00 00 00 00 00 
00 00 00 00 00 00 00 00 00 00 00 00 00 00 00 00 02 00 02 00 
08 00 08 00 00 00 00 01 01 00 08 00 08 00 00 04 00 00 23 00 
00 00 00 00 00 00 00 00 00 00 00 00 00 00 00 00 00 00 00 00 
00 00 00 00 00 00 00 00 00 00 00 00 00 00 00 00 00 00 00 00 
00 00 00 00 00 00 00 00 00 00 00 00 00 00 00 00 00 00 00 
2021/03/22 12:44:27.337 10.54.160.222:502 write 12

00 16 00 00 00 06 01 04 00 00 00 41 
2021/03/22 12:44:27.338 10.54.160.222:502 read 139

00 16 00 00 00 85 01 04 82 80 01 00 1e 1e 1e 00 42 00 04 00 
00 05 89 00 00 05 61 00 00 03 e8 00 00 00 00 00 00 00 00 00 
00 00 00 00 00 00 00 00 00 00 00 00 00 00 00 00 02 00 02 00 
08 00 08 00 00 00 00 01 01 00 08 00 08 00 00 04 00 00 23 00 
00 00 00 00 00 00 00 00 00 00 00 00 00 00 00 00 00 00 00 00 
00 00 00 00 00 00 00 00 00 00 00 00 00 00 00 00 00 00 00 00 
00 00 00 00 00 00 00 00 00 00 00 00 00 00 00 00 00 00 00 
2021/03/22 12:44:28.339 10.54.160.222:502 write 12

00 17 00 00 00 06 01 04 00 00 00 41 
2021/03/22 12:44:28.340 10.54.160.222:502 read 139

00 17 00 00 00 85 01 04 82 80 01 00 1e 1e 1e 00 42 00 04 00 
00 05 89 00 00 05 61 00 00 03 e8 00 00 00 00 00 00 00 00 00 
00 00 00 00 00 00 00 00 00 00 00 00 00 00 00 00 02 00 02 00 
08 00 08 00 00 00 00 01 01 00 08 00 08 00 00 04 00 00 23 00 
00 00 00 00 00 00 00 00 00 00 00 00 00 00 00 00 00 00 00 00 
00 00 00 00 00 00 00 00 00 00 00 00 00 00 00 00 00 00 00 00 
00 00 00 00 00 00 00 00 00 00 00 00 00 00 00 00 00 00 00 
2021/03/22 12:44:29.340 10.54.160.222:502 write 12

00 18 00 00 00 06 01 04 00 00 00 41 
2021/03/22 12:44:29.341 10.54.160.222:502 read 139

00 18 00 00 00 85 01 04 82 80 01 00 1e 1e 1e 00 42 00 04 00 
00 05 88 00 00 05 60 00 00 03 e8 00 00 00 00 00 00 00 00 00 
00 00 00 00 00 00 00 00 00 00 00 00 00 00 00 00 02 00 02 00 
08 00 08 00 00 00 00 01 01 00 08 00 08 00 00 04 00 00 23 00 
00 00 00 00 00 00 00 00 00 00 00 00 00 00 00 00 00 00 00 00 
00 00 00 00 00 00 00 00 00 00 00 00 00 00 00 00 00 00 00 00 
00 00 00 00 00 00 00 00 00 00 00 00 00 00 00 00 00 00 00 
2021/03/22 12:44:30.342 10.54.160.222:502 write 12

00 19 00 00 00 06 01 04 00 00 00 41 
2021/03/22 12:44:30.343 10.54.160.222:502 read 139

00 19 00 00 00 85 01 04 82 80 01 00 1e 1e 1e 00 42 00 04 00 
00 05 87 00 00 05 61 00 00 03 e8 00 00 00 00 00 00 00 00 00 
00 00 00 00 00 00 00 00 00 00 00 00 00 00 00 00 02 00 02 00 
08 00 08 00 00 00 00 01 01 00 08 00 08 00 00 04 00 00 23 00 
00 00 00 00 00 00 00 00 00 00 00 00 00 00 00 00 00 00 00 00 
00 00 00 00 00 00 00 00 00 00 00 00 00 00 00 00 00 00 00 00 
00 00 00 00 00 00 00 00 00 00 00 00 00 00 00 00 00 00 00 
2021/03/22 12:44:31.343 10.54.160.222:502 write 12

00 1a 00 00 00 06 01 04 00 00 00 41 
2021/03/22 12:44:31.344 10.54.160.222:502 read 139

00 1a 00 00 00 85 01 04 82 80 01 00 1e 1e 1e 00 42 00 04 00 
00 05 88 00 00 05 5e 00 00 03 e8 00 00 00 00 00 00 00 00 00 
00 00 00 00 00 00 00 00 00 00 00 00 00 00 00 00 02 00 02 00 
08 00 08 00 00 00 00 01 01 00 08 00 08 00 00 04 00 00 23 00 
00 00 00 00 00 00 00 00 00 00 00 00 00 00 00 00 00 00 00 00 
00 00 00 00 00 00 00 00 00 00 00 00 00 00 00 00 00 00 00 00 
00 00 00 00 00 00 00 00 00 00 00 00 00 00 00 00 00 00 00 
2021/03/22 12:44:32.344 10.54.160.222:502 write 12

00 1b 00 00 00 06 01 04 00 00 00 41 
2021/03/22 12:44:32.346 10.54.160.222:502 read 139

00 1b 00 00 00 85 01 04 82 80 01 00 1e 1e 1e 00 42 00 04 00 
00 05 87 00 00 05 5f 00 00 03 e8 00 00 00 00 00 00 00 00 00 
00 00 00 00 00 00 00 00 00 00 00 00 00 00 00 00 02 00 02 00 
08 00 08 00 00 00 00 01 01 00 08 00 08 00 00 04 00 00 23 00 
00 00 00 00 00 00 00 00 00 00 00 00 00 00 00 00 00 00 00 00 
00 00 00 00 00 00 00 00 00 00 00 00 00 00 00 00 00 00 00 00 
00 00 00 00 00 00 00 00 00 00 00 00 00 00 00 00 00 00 00 
2021/03/22 12:44:33.346 10.54.160.222:502 write 12

00 1c 00 00 00 06 01 04 00 00 00 41 
2021/03/22 12:44:33.347 10.54.160.222:502 read 139

00 1c 00 00 00 85 01 04 82 80 01 00 1e 1e 1e 00 42 00 04 00 
00 05 88 00 00 05 5e 00 00 03 e8 00 00 00 00 00 00 00 00 00 
00 00 00 00 00 00 00 00 00 00 00 00 00 00 00 00 02 00 02 00 
08 00 08 00 00 00 00 01 01 00 08 00 08 00 00 04 00 00 23 00 
00 00 00 00 00 00 00 00 00 00 00 00 00 00 00 00 00 00 00 00 
00 00 00 00 00 00 00 00 00 00 00 00 00 00 00 00 00 00 00 00 
00 00 00 00 00 00 00 00 00 00 00 00 00 00 00 00 00 00 00 
2021/03/22 12:44:34.347 10.54.160.222:502 write 12

00 1d 00 00 00 06 01 04 00 00 00 41 
2021/03/22 12:44:34.348 10.54.160.222:502 read 139

00 1d 00 00 00 85 01 04 82 80 01 00 1e 1e 1e 00 42 00 04 00 
00 05 87 00 00 05 5f 00 00 03 e8 00 00 00 00 00 00 00 00 00 
00 00 00 00 00 00 00 00 00 00 00 00 00 00 00 00 02 00 02 00 
08 00 08 00 00 00 00 01 01 00 08 00 08 00 00 04 00 00 23 00 
00 00 00 00 00 00 00 00 00 00 00 00 00 00 00 00 00 00 00 00 
00 00 00 00 00 00 00 00 00 00 00 00 00 00 00 00 00 00 00 00 
00 00 00 00 00 00 00 00 00 00 00 00 00 00 00 00 00 00 00 
2021/03/22 12:44:35.349 10.54.160.222:502 write 12

00 1e 00 00 00 06 01 04 00 00 00 41 
2021/03/22 12:44:35.350 10.54.160.222:502 read 139

00 1e 00 00 00 85 01 04 82 80 01 00 1e 1e 1e 00 42 00 04 00 
00 05 87 00 00 05 60 00 00 03 e8 00 00 00 00 00 00 00 00 00 
00 00 00 00 00 00 00 00 00 00 00 00 00 00 00 00 02 00 02 00 
08 00 08 00 00 00 00 01 01 00 08 00 08 00 00 04 00 00 23 00 
00 00 00 00 00 00 00 00 00 00 00 00 00 00 00 00 00 00 00 00 
00 00 00 00 00 00 00 00 00 00 00 00 00 00 00 00 00 00 00 00 
00 00 00 00 00 00 00 00 00 00 00 00 00 00 00 00 00 00 00 
2021/03/22 12:44:36.350 10.54.160.222:502 write 12

00 1f 00 00 00 06 01 04 00 00 00 41 
2021/03/22 12:44:36.351 10.54.160.222:502 read 139

00 1f 00 00 00 85 01 04 82 80 01 00 1e 1e 1e 00 42 00 04 00 
00 05 87 00 00 05 5e 00 00 03 e8 00 00 00 00 00 00 00 00 00 
00 00 00 00 00 00 00 00 00 00 00 00 00 00 00 00 02 00 02 00 
08 00 08 00 00 00 00 01 01 00 08 00 08 00 00 04 00 00 23 00 
00 00 00 00 00 00 00 00 00 00 00 00 00 00 00 00 00 00 00 00 
00 00 00 00 00 00 00 00 00 00 00 00 00 00 00 00 00 00 00 00 
00 00 00 00 00 00 00 00 00 00 00 00 00 00 00 00 00 00 00 
2021/03/22 12:44:37.352 10.54.160.222:502 write 12

00 20 00 00 00 06 01 04 00 00 00 41 
2021/03/22 12:44:37.353 10.54.160.222:502 read 139

00 20 00 00 00 85 01 04 82 80 01 00 1e 1e 1e 00 42 00 04 00 
00 05 87 00 00 05 5d 00 00 03 e8 00 00 00 00 00 00 00 00 00 
00 00 00 00 00 00 00 00 00 00 00 00 00 00 00 00 02 00 02 00 
08 00 08 00 00 00 00 01 01 00 08 00 08 00 00 04 00 00 23 00 
00 00 00 00 00 00 00 00 00 00 00 00 00 00 00 00 00 00 00 00 
00 00 00 00 00 00 00 00 00 00 00 00 00 00 00 00 00 00 00 00 
00 00 00 00 00 00 00 00 00 00 00 00 00 00 00 00 00 00 00 
2021/03/22 12:44:38.353 10.54.160.222:502 write 12

00 21 00 00 00 06 01 04 00 00 00 41 
2021/03/22 12:44:38.354 10.54.160.222:502 read 139

00 21 00 00 00 85 01 04 82 80 01 00 1e 1e 1e 00 42 00 04 00 
00 05 87 00 00 05 5f 00 00 03 e8 00 00 00 00 00 00 00 00 00 
00 00 00 00 00 00 00 00 00 00 00 00 00 00 00 00 02 00 02 00 
08 00 08 00 00 00 00 01 01 00 08 00 08 00 00 04 00 00 23 00 
00 00 00 00 00 00 00 00 00 00 00 00 00 00 00 00 00 00 00 00 
00 00 00 00 00 00 00 00 00 00 00 00 00 00 00 00 00 00 00 00 
00 00 00 00 00 00 00 00 00 00 00 00 00 00 00 00 00 00 00 
2021/03/22 12:44:39.355 10.54.160.222:502 write 12

00 22 00 00 00 06 01 04 00 00 00 41 
2021/03/22 12:44:39.356 10.54.160.222:502 read 139

00 22 00 00 00 85 01 04 82 80 01 00 1e 1e 1e 00 42 00 04 00 
00 05 86 00 00 05 5d 00 00 03 e8 00 00 00 00 00 00 00 00 00 
00 00 00 00 00 00 00 00 00 00 00 00 00 00 00 00 02 00 02 00 
08 00 08 00 00 00 00 01 01 00 08 00 08 00 00 04 00 00 23 00 
00 00 00 00 00 00 00 00 00 00 00 00 00 00 00 00 00 00 00 00 
00 00 00 00 00 00 00 00 00 00 00 00 00 00 00 00 00 00 00 00 
00 00 00 00 00 00 00 00 00 00 00 00 00 00 00 00 00 00 00 
2021/03/22 12:44:40.356 10.54.160.222:502 write 12

00 23 00 00 00 06 01 04 00 00 00 41 
2021/03/22 12:44:40.358 10.54.160.222:502 read 139

00 23 00 00 00 85 01 04 82 80 01 00 1e 1e 1e 00 42 00 04 00 
00 05 86 00 00 05 5e 00 00 03 e8 00 00 00 00 00 00 00 00 00 
00 00 00 00 00 00 00 00 00 00 00 00 00 00 00 00 02 00 02 00 
08 00 08 00 00 00 00 01 01 00 08 00 08 00 00 04 00 00 23 00 
00 00 00 00 00 00 00 00 00 00 00 00 00 00 00 00 00 00 00 00 
00 00 00 00 00 00 00 00 00 00 00 00 00 00 00 00 00 00 00 00 
00 00 00 00 00 00 00 00 00 00 00 00 00 00 00 00 00 00 00 
2021/03/22 12:44:41.358 10.54.160.222:502 write 12

00 24 00 00 00 06 01 04 00 00 00 41 
2021/03/22 12:44:41.359 10.54.160.222:502 read 139

00 24 00 00 00 85 01 04 82 80 01 00 1e 1e 1e 00 42 00 04 00 
00 05 87 00 00 05 5e 00 00 03 e8 00 00 00 00 00 00 00 00 00 
00 00 00 00 00 00 00 00 00 00 00 00 00 00 00 00 02 00 02 00 
08 00 08 00 00 00 00 01 01 00 08 00 08 00 00 04 00 00 23 00 
00 00 00 00 00 00 00 00 00 00 00 00 00 00 00 00 00 00 00 00 
00 00 00 00 00 00 00 00 00 00 00 00 00 00 00 00 00 00 00 00 
00 00 00 00 00 00 00 00 00 00 00 00 00 00 00 00 00 00 00 
2021/03/22 12:44:42.359 10.54.160.222:502 write 12

00 25 00 00 00 06 01 04 00 00 00 41 
2021/03/22 12:44:42.360 10.54.160.222:502 read 139

00 25 00 00 00 85 01 04 82 80 01 00 1e 1e 1e 00 42 00 04 00 
00 05 88 00 00 05 60 00 00 03 e8 00 00 00 00 00 00 00 00 00 
00 00 00 00 00 00 00 00 00 00 00 00 00 00 00 00 02 00 02 00 
08 00 08 00 00 00 00 01 01 00 08 00 08 00 00 04 00 00 23 00 
00 00 00 00 00 00 00 00 00 00 00 00 00 00 00 00 00 00 00 00 
00 00 00 00 00 00 00 00 00 00 00 00 00 00 00 00 00 00 00 00 
00 00 00 00 00 00 00 00 00 00 00 00 00 00 00 00 00 00 00 
2021/03/22 12:44:43.361 10.54.160.222:502 write 12

00 26 00 00 00 06 01 04 00 00 00 41 
2021/03/22 12:44:43.362 10.54.160.222:502 read 139

00 26 00 00 00 85 01 04 82 80 01 00 1e 1e 1e 00 42 00 04 00 
00 05 88 00 00 05 5f 00 00 03 e8 00 00 00 00 00 00 00 00 00 
00 00 00 00 00 00 00 00 00 00 00 00 00 00 00 00 02 00 02 00 
08 00 08 00 00 00 00 01 01 00 08 00 08 00 00 04 00 00 23 00 
00 00 00 00 00 00 00 00 00 00 00 00 00 00 00 00 00 00 00 00 
00 00 00 00 00 00 00 00 00 00 00 00 00 00 00 00 00 00 00 00 
00 00 00 00 00 00 00 00 00 00 00 00 00 00 00 00 00 00 00 
2021/03/22 12:44:44.362 10.54.160.222:502 write 12

00 27 00 00 00 06 01 04 00 00 00 41 
2021/03/22 12:44:44.363 10.54.160.222:502 read 139

00 27 00 00 00 85 01 04 82 80 01 00 1e 1e 1e 00 42 00 04 00 
00 05 88 00 00 05 60 00 00 03 e8 00 00 00 00 00 00 00 00 00 
00 00 00 00 00 00 00 00 00 00 00 00 00 00 00 00 02 00 02 00 
08 00 08 00 00 00 00 01 01 00 08 00 08 00 00 04 00 00 23 00 
00 00 00 00 00 00 00 00 00 00 00 00 00 00 00 00 00 00 00 00 
00 00 00 00 00 00 00 00 00 00 00 00 00 00 00 00 00 00 00 00 
00 00 00 00 00 00 00 00 00 00 00 00 00 00 00 00 00 00 00 
2021/03/22 12:44:45.364 10.54.160.222:502 write 12

00 28 00 00 00 06 01 04 00 00 00 41 
2021/03/22 12:44:45.365 10.54.160.222:502 read 139

00 28 00 00 00 85 01 04 82 80 01 00 1e 1e 1e 00 42 00 04 00 
00 05 88 00 00 05 5e 00 00 03 e8 00 00 00 00 00 00 00 00 00 
00 00 00 00 00 00 00 00 00 00 00 00 00 00 00 00 02 00 02 00 
08 00 08 00 00 00 00 01 01 00 08 00 08 00 00 04 00 00 23 00 
00 00 00 00 00 00 00 00 00 00 00 00 00 00 00 00 00 00 00 00 
00 00 00 00 00 00 00 00 00 00 00 00 00 00 00 00 00 00 00 00 
00 00 00 00 00 00 00 00 00 00 00 00 00 00 00 00 00 00 00 
2021/03/22 12:44:46.365 10.54.160.222:502 write 12

00 29 00 00 00 06 01 04 00 00 00 41 
2021/03/22 12:44:46.366 10.54.160.222:502 read 139

00 29 00 00 00 85 01 04 82 80 01 00 1e 1e 1e 00 42 00 04 00 
00 05 85 00 00 05 60 00 00 03 e8 00 00 00 00 00 00 00 00 00 
00 00 00 00 00 00 00 00 00 00 00 00 00 00 00 00 02 00 02 00 
08 00 08 00 00 00 00 01 01 00 08 00 08 00 00 04 00 00 23 00 
00 00 00 00 00 00 00 00 00 00 00 00 00 00 00 00 00 00 00 00 
00 00 00 00 00 00 00 00 00 00 00 00 00 00 00 00 00 00 00 00 
00 00 00 00 00 00 00 00 00 00 00 00 00 00 00 00 00 00 00 
2021/03/22 12:44:47.366 10.54.160.222:502 write 12

00 2a 00 00 00 06 01 04 00 00 00 41 
2021/03/22 12:44:47.368 10.54.160.222:502 read 139

00 2a 00 00 00 85 01 04 82 80 01 00 1e 1e 1e 00 42 00 04 00 
00 05 87 00 00 05 5f 00 00 03 e8 00 00 00 00 00 00 00 00 00 
00 00 00 00 00 00 00 00 00 00 00 00 00 00 00 00 02 00 02 00 
08 00 08 00 00 00 00 01 01 00 08 00 08 00 00 04 00 00 23 00 
00 00 00 00 00 00 00 00 00 00 00 00 00 00 00 00 00 00 00 00 
00 00 00 00 00 00 00 00 00 00 00 00 00 00 00 00 00 00 00 00 
00 00 00 00 00 00 00 00 00 00 00 00 00 00 00 00 00 00 00 
2021/03/22 12:44:48.368 10.54.160.222:502 write 12

00 2b 00 00 00 06 01 04 00 00 00 41 
2021/03/22 12:44:48.369 10.54.160.222:502 read 139

00 2b 00 00 00 85 01 04 82 80 01 00 1e 1e 1e 00 42 00 04 00 
00 05 87 00 00 05 5f 00 00 03 e8 00 00 00 00 00 00 00 00 00 
00 00 00 00 00 00 00 00 00 00 00 00 00 00 00 00 02 00 02 00 
08 00 08 00 00 00 00 01 01 00 08 00 08 00 00 04 00 00 23 00 
00 00 00 00 00 00 00 00 00 00 00 00 00 00 00 00 00 00 00 00 
00 00 00 00 00 00 00 00 00 00 00 00 00 00 00 00 00 00 00 00 
00 00 00 00 00 00 00 00 00 00 00 00 00 00 00 00 00 00 00 
2021/03/22 12:44:49.369 10.54.160.222:502 write 12

00 2c 00 00 00 06 01 04 00 00 00 41 
2021/03/22 12:44:49.371 10.54.160.222:502 read 139

00 2c 00 00 00 85 01 04 82 80 01 00 1e 1e 1e 00 42 00 04 00 
00 05 86 00 00 05 5e 00 00 03 e8 00 00 00 00 00 00 00 00 00 
00 00 00 00 00 00 00 00 00 00 00 00 00 00 00 00 02 00 02 00 
08 00 08 00 00 00 00 01 01 00 08 00 08 00 00 04 00 00 23 00 
00 00 00 00 00 00 00 00 00 00 00 00 00 00 00 00 00 00 00 00 
00 00 00 00 00 00 00 00 00 00 00 00 00 00 00 00 00 00 00 00 
00 00 00 00 00 00 00 00 00 00 00 00 00 00 00 00 00 00 00 
2021/03/22 12:44:50.371 10.54.160.222:502 write 12

00 2d 00 00 00 06 01 04 00 00 00 41 
2021/03/22 12:44:50.372 10.54.160.222:502 read 139

00 2d 00 00 00 85 01 04 82 80 01 00 1e 1e 1e 00 42 00 04 00 
00 05 86 00 00 05 5e 00 00 03 e8 00 00 00 00 00 00 00 00 00 
00 00 00 00 00 00 00 00 00 00 00 00 00 00 00 00 02 00 02 00 
08 00 08 00 00 00 00 01 01 00 08 00 08 00 00 04 00 00 23 00 
00 00 00 00 00 00 00 00 00 00 00 00 00 00 00 00 00 00 00 00 
00 00 00 00 00 00 00 00 00 00 00 00 00 00 00 00 00 00 00 00 
00 00 00 00 00 00 00 00 00 00 00 00 00 00 00 00 00 00 00 
2021/03/22 12:44:51.373 10.54.160.222:502 write 12

00 2e 00 00 00 06 01 04 00 00 00 41 
2021/03/22 12:44:51.374 10.54.160.222:502 read 139

00 2e 00 00 00 85 01 04 82 80 01 00 1e 1e 1e 00 42 00 04 00 
00 05 87 00 00 05 5e 00 00 03 e8 00 00 00 00 00 00 00 00 00 
00 00 00 00 00 00 00 00 00 00 00 00 00 00 00 00 02 00 02 00 
08 00 08 00 00 00 00 01 01 00 08 00 08 00 00 04 00 00 23 00 
00 00 00 00 00 00 00 00 00 00 00 00 00 00 00 00 00 00 00 00 
00 00 00 00 00 00 00 00 00 00 00 00 00 00 00 00 00 00 00 00 
00 00 00 00 00 00 00 00 00 00 00 00 00 00 00 00 00 00 00 
2021/03/22 12:44:52.374 10.54.160.222:502 write 12

00 2f 00 00 00 06 01 04 00 00 00 41 
2021/03/22 12:44:52.375 10.54.160.222:502 read 139

00 2f 00 00 00 85 01 04 82 80 01 00 1e 1e 1e 00 42 00 04 00 
00 05 87 00 00 05 5e 00 00 03 e8 00 00 00 00 00 00 00 00 00 
00 00 00 00 00 00 00 00 00 00 00 00 00 00 00 00 02 00 02 00 
08 00 08 00 00 00 00 01 01 00 08 00 08 00 00 04 00 00 23 00 
00 00 00 00 00 00 00 00 00 00 00 00 00 00 00 00 00 00 00 00 
00 00 00 00 00 00 00 00 00 00 00 00 00 00 00 00 00 00 00 00 
00 00 00 00 00 00 00 00 00 00 00 00 00 00 00 00 00 00 00 
2021/03/22 12:44:53.375 10.54.160.222:502 write 12

00 30 00 00 00 06 01 04 00 00 00 41 
2021/03/22 12:44:53.377 10.54.160.222:502 read 139

00 30 00 00 00 85 01 04 82 80 01 00 1e 1e 1e 00 42 00 04 00 
00 05 87 00 00 05 5e 00 00 03 e8 00 00 00 00 00 00 00 00 00 
00 00 00 00 00 00 00 00 00 00 00 00 00 00 00 00 02 00 02 00 
08 00 08 00 00 00 00 01 01 00 08 00 08 00 00 04 00 00 23 00 
00 00 00 00 00 00 00 00 00 00 00 00 00 00 00 00 00 00 00 00 
00 00 00 00 00 00 00 00 00 00 00 00 00 00 00 00 00 00 00 00 
00 00 00 00 00 00 00 00 00 00 00 00 00 00 00 00 00 00 00 
2021/03/22 12:44:54.377 10.54.160.222:502 write 12

00 31 00 00 00 06 01 04 00 00 00 41 
2021/03/22 12:44:54.378 10.54.160.222:502 read 139

00 31 00 00 00 85 01 04 82 80 01 00 1e 1e 1e 00 42 00 04 00 
00 05 87 00 00 05 5e 00 00 03 e8 00 00 00 00 00 00 00 00 00 
00 00 00 00 00 00 00 00 00 00 00 00 00 00 00 00 02 00 02 00 
08 00 08 00 00 00 00 01 01 00 08 00 08 00 00 04 00 00 23 00 
00 00 00 00 00 00 00 00 00 00 00 00 00 00 00 00 00 00 00 00 
00 00 00 00 00 00 00 00 00 00 00 00 00 00 00 00 00 00 00 00 
00 00 00 00 00 00 00 00 00 00 00 00 00 00 00 00 00 00 00 
2021/03/22 12:44:55.378 10.54.160.222:502 write 12

00 32 00 00 00 06 01 04 00 00 00 41 
2021/03/22 12:44:55.379 10.54.160.222:502 read 139

00 32 00 00 00 85 01 04 82 80 01 00 1e 1e 1e 00 42 00 04 00 
00 05 87 00 00 05 5e 00 00 03 e8 00 00 00 00 00 00 00 00 00 
00 00 00 00 00 00 00 00 00 00 00 00 00 00 00 00 02 00 02 00 
08 00 08 00 00 00 00 01 01 00 08 00 08 00 00 04 00 00 23 00 
00 00 00 00 00 00 00 00 00 00 00 00 00 00 00 00 00 00 00 00 
00 00 00 00 00 00 00 00 00 00 00 00 00 00 00 00 00 00 00 00 
00 00 00 00 00 00 00 00 00 00 00 00 00 00 00 00 00 00 00 
2021/03/22 12:44:56.380 10.54.160.222:502 write 12

00 33 00 00 00 06 01 04 00 00 00 41 
2021/03/22 12:44:56.381 10.54.160.222:502 read 139

00 33 00 00 00 85 01 04 82 80 01 00 1e 1e 1e 00 42 00 04 00 
00 05 86 00 00 05 5d 00 00 03 e8 00 00 00 00 00 00 00 00 00 
00 00 00 00 00 00 00 00 00 00 00 00 00 00 00 00 02 00 02 00 
08 00 08 00 00 00 00 01 01 00 08 00 08 00 00 04 00 00 23 00 
00 00 00 00 00 00 00 00 00 00 00 00 00 00 00 00 00 00 00 00 
00 00 00 00 00 00 00 00 00 00 00 00 00 00 00 00 00 00 00 00 
00 00 00 00 00 00 00 00 00 00 00 00 00 00 00 00 00 00 00 
2021/03/22 12:44:57.381 10.54.160.222:502 write 12

00 34 00 00 00 06 01 04 00 00 00 41 
2021/03/22 12:44:57.382 10.54.160.222:502 read 139

00 34 00 00 00 85 01 04 82 80 01 00 1e 1e 1e 00 42 00 04 00 
00 05 88 00 00 05 5e 00 00 03 e8 00 00 00 00 00 00 00 00 00 
00 00 00 00 00 00 00 00 00 00 00 00 00 00 00 00 02 00 02 00 
08 00 08 00 00 00 00 01 01 00 08 00 08 00 00 04 00 00 23 00 
00 00 00 00 00 00 00 00 00 00 00 00 00 00 00 00 00 00 00 00 
00 00 00 00 00 00 00 00 00 00 00 00 00 00 00 00 00 00 00 00 
00 00 00 00 00 00 00 00 00 00 00 00 00 00 00 00 00 00 00 
2021/03/22 12:44:58.383 10.54.160.222:502 write 12

00 35 00 00 00 06 01 04 00 00 00 41 
2021/03/22 12:44:58.384 10.54.160.222:502 read 139

00 35 00 00 00 85 01 04 82 80 01 00 1e 1e 1e 00 42 00 04 00 
00 05 88 00 00 05 5e 00 00 03 e8 00 00 00 00 00 00 00 00 00 
00 00 00 00 00 00 00 00 00 00 00 00 00 00 00 00 02 00 02 00 
08 00 08 00 00 00 00 01 01 00 08 00 08 00 00 04 00 00 23 00 
00 00 00 00 00 00 00 00 00 00 00 00 00 00 00 00 00 00 00 00 
00 00 00 00 00 00 00 00 00 00 00 00 00 00 00 00 00 00 00 00 
00 00 00 00 00 00 00 00 00 00 00 00 00 00 00 00 00 00 00 
2021/03/22 12:44:59.384 10.54.160.222:502 write 12

00 36 00 00 00 06 01 04 00 00 00 41 
2021/03/22 12:44:59.385 10.54.160.222:502 read 139

00 36 00 00 00 85 01 04 82 80 01 00 1e 1e 1e 00 42 00 04 00 
00 05 8b 00 00 05 5f 00 00 03 e8 00 00 00 00 00 00 00 00 00 
00 00 00 00 00 00 00 00 00 00 00 00 00 00 00 00 02 00 02 00 
08 00 08 00 00 00 00 01 01 00 08 00 08 00 00 04 00 00 23 00 
00 00 00 00 00 00 00 00 00 00 00 00 00 00 00 00 00 00 00 00 
00 00 00 00 00 00 00 00 00 00 00 00 00 00 00 00 00 00 00 00 
00 00 00 00 00 00 00 00 00 00 00 00 00 00 00 00 00 00 00 
2021/03/22 12:45:00.386 10.54.160.222:502 write 12

00 37 00 00 00 06 01 04 00 00 00 41 
2021/03/22 12:45:00.387 10.54.160.222:502 read 139

00 37 00 00 00 85 01 04 82 80 01 00 1e 1e 1e 00 42 00 04 00 
00 05 8b 00 00 05 5e 00 00 03 e8 00 00 00 00 00 00 00 00 00 
00 00 00 00 00 00 00 00 00 00 00 00 00 00 00 00 02 00 02 00 
08 00 08 00 00 00 00 01 01 00 08 00 08 00 00 04 00 00 23 00 
00 00 00 00 00 00 00 00 00 00 00 00 00 00 00 00 00 00 00 00 
00 00 00 00 00 00 00 00 00 00 00 00 00 00 00 00 00 00 00 00 
00 00 00 00 00 00 00 00 00 00 00 00 00 00 00 00 00 00 00 
2021/03/22 12:45:01.387 10.54.160.222:502 write 12

00 38 00 00 00 06 01 04 00 00 00 41 
2021/03/22 12:45:01.388 10.54.160.222:502 read 139

00 38 00 00 00 85 01 04 82 80 01 00 1e 1e 1e 00 42 00 04 00 
00 05 8c 00 00 05 5f 00 00 03 e8 00 00 00 00 00 00 00 00 00 
00 00 00 00 00 00 00 00 00 00 00 00 00 00 00 00 02 00 02 00 
08 00 08 00 00 00 00 01 01 00 08 00 08 00 00 04 00 00 23 00 
00 00 00 00 00 00 00 00 00 00 00 00 00 00 00 00 00 00 00 00 
00 00 00 00 00 00 00 00 00 00 00 00 00 00 00 00 00 00 00 00 
00 00 00 00 00 00 00 00 00 00 00 00 00 00 00 00 00 00 00 
2021/03/22 12:45:02.388 10.54.160.222:502 write 12

00 39 00 00 00 06 01 04 00 00 00 41 
2021/03/22 12:45:02.390 10.54.160.222:502 read 139

00 39 00 00 00 85 01 04 82 80 01 00 1e 1e 1e 00 42 00 04 00 
00 05 87 00 00 05 5e 00 00 03 e8 00 00 00 00 00 00 00 00 00 
00 00 00 00 00 00 00 00 00 00 00 00 00 00 00 00 02 00 02 00 
08 00 08 00 00 00 00 01 01 00 08 00 08 00 00 04 00 00 23 00 
00 00 00 00 00 00 00 00 00 00 00 00 00 00 00 00 00 00 00 00 
00 00 00 00 00 00 00 00 00 00 00 00 00 00 00 00 00 00 00 00 
00 00 00 00 00 00 00 00 00 00 00 00 00 00 00 00 00 00 00 
2021/03/22 12:45:03.390 10.54.160.222:502 write 12

00 3a 00 00 00 06 01 04 00 00 00 41 
2021/03/22 12:45:03.391 10.54.160.222:502 read 139

00 3a 00 00 00 85 01 04 82 80 01 00 1e 1e 1e 00 42 00 04 00 
00 05 87 00 00 05 5e 00 00 03 e8 00 00 00 00 00 00 00 00 00 
00 00 00 00 00 00 00 00 00 00 00 00 00 00 00 00 02 00 02 00 
08 00 08 00 00 00 00 01 01 00 08 00 08 00 00 04 00 00 23 00 
00 00 00 00 00 00 00 00 00 00 00 00 00 00 00 00 00 00 00 00 
00 00 00 00 00 00 00 00 00 00 00 00 00 00 00 00 00 00 00 00 
00 00 00 00 00 00 00 00 00 00 00 00 00 00 00 00 00 00 00 
2021/03/22 12:45:04.391 10.54.160.222:502 write 12

00 3b 00 00 00 06 01 04 00 00 00 41 
2021/03/22 12:45:04.393 10.54.160.222:502 read 139

00 3b 00 00 00 85 01 04 82 80 01 00 1e 1e 1e 00 42 00 04 00 
00 05 89 00 00 05 5f 00 00 03 e8 00 00 00 00 00 00 00 00 00 
00 00 00 00 00 00 00 00 00 00 00 00 00 00 00 00 02 00 02 00 
08 00 08 00 00 00 00 01 01 00 08 00 08 00 00 04 00 00 23 00 
00 00 00 00 00 00 00 00 00 00 00 00 00 00 00 00 00 00 00 00 
00 00 00 00 00 00 00 00 00 00 00 00 00 00 00 00 00 00 00 00 
00 00 00 00 00 00 00 00 00 00 00 00 00 00 00 00 00 00 00 
2021/03/22 12:45:05.393 10.54.160.222:502 write 12

00 3c 00 00 00 06 01 04 00 00 00 41 
2021/03/22 12:45:05.394 10.54.160.222:502 read 139

00 3c 00 00 00 85 01 04 82 80 01 00 1e 1e 1e 00 42 00 04 00 
00 05 8c 00 00 05 60 00 00 03 e8 00 00 00 00 00 00 00 00 00 
00 00 00 00 00 00 00 00 00 00 00 00 00 00 00 00 02 00 02 00 
08 00 08 00 00 00 00 01 01 00 08 00 08 00 00 04 00 00 23 00 
00 00 00 00 00 00 00 00 00 00 00 00 00 00 00 00 00 00 00 00 
00 00 00 00 00 00 00 00 00 00 00 00 00 00 00 00 00 00 00 00 
00 00 00 00 00 00 00 00 00 00 00 00 00 00 00 00 00 00 00 
2021/03/22 12:45:06.394 10.54.160.222:502 write 12

00 3d 00 00 00 06 01 04 00 00 00 41 
2021/03/22 12:45:06.395 10.54.160.222:502 read 139

00 3d 00 00 00 85 01 04 82 80 01 00 1e 1e 1e 00 42 00 04 00 
00 05 8a 00 00 05 61 00 00 03 e8 00 00 00 00 00 00 00 00 00 
00 00 00 00 00 00 00 00 00 00 00 00 00 00 00 00 02 00 02 00 
08 00 08 00 00 00 00 01 01 00 08 00 08 00 00 04 00 00 23 00 
00 00 00 00 00 00 00 00 00 00 00 00 00 00 00 00 00 00 00 00 
00 00 00 00 00 00 00 00 00 00 00 00 00 00 00 00 00 00 00 00 
00 00 00 00 00 00 00 00 00 00 00 00 00 00 00 00 00 00 00 
2021/03/22 12:45:07.396 10.54.160.222:502 write 12

00 3e 00 00 00 06 01 04 00 00 00 41 
2021/03/22 12:45:07.397 10.54.160.222:502 read 139

00 3e 00 00 00 85 01 04 82 80 01 00 1e 1e 1e 00 42 00 04 00 
00 05 89 00 00 05 60 00 00 03 e8 00 00 00 00 00 00 00 00 00 
00 00 00 00 00 00 00 00 00 00 00 00 00 00 00 00 02 00 02 00 
08 00 08 00 00 00 00 01 01 00 08 00 08 00 00 04 00 00 23 00 
00 00 00 00 00 00 00 00 00 00 00 00 00 00 00 00 00 00 00 00 
00 00 00 00 00 00 00 00 00 00 00 00 00 00 00 00 00 00 00 00 
00 00 00 00 00 00 00 00 00 00 00 00 00 00 00 00 00 00 00 
2021/03/22 12:45:08.397 10.54.160.222:502 write 12

00 3f 00 00 00 06 01 04 00 00 00 41 
2021/03/22 12:45:08.398 10.54.160.222:502 read 139

00 3f 00 00 00 85 01 04 82 80 01 00 1e 1e 1e 00 42 00 04 00 
00 05 89 00 00 05 60 00 00 03 e8 00 00 00 00 00 00 00 00 00 
00 00 00 00 00 00 00 00 00 00 00 00 00 00 00 00 02 00 02 00 
08 00 08 00 00 00 00 01 01 00 08 00 08 00 00 04 00 00 23 00 
00 00 00 00 00 00 00 00 00 00 00 00 00 00 00 00 00 00 00 00 
00 00 00 00 00 00 00 00 00 00 00 00 00 00 00 00 00 00 00 00 
00 00 00 00 00 00 00 00 00 00 00 00 00 00 00 00 00 00 00 
2021/03/22 12:45:09.399 10.54.160.222:502 write 12

00 40 00 00 00 06 01 04 00 00 00 41 
2021/03/22 12:45:09.400 10.54.160.222:502 read 139

00 40 00 00 00 85 01 04 82 80 01 00 1e 1e 1e 00 42 00 04 00 
00 05 89 00 00 05 5f 00 00 03 e8 00 00 00 00 00 00 00 00 00 
00 00 00 00 00 00 00 00 00 00 00 00 00 00 00 00 02 00 02 00 
08 00 08 00 00 00 00 01 01 00 08 00 08 00 00 04 00 00 23 00 
00 00 00 00 00 00 00 00 00 00 00 00 00 00 00 00 00 00 00 00 
00 00 00 00 00 00 00 00 00 00 00 00 00 00 00 00 00 00 00 00 
00 00 00 00 00 00 00 00 00 00 00 00 00 00 00 00 00 00 00 
2021/03/22 12:45:10.400 10.54.160.222:502 write 12

00 41 00 00 00 06 01 04 00 00 00 41 
2021/03/22 12:45:10.402 10.54.160.222:502 read 139

00 41 00 00 00 85 01 04 82 80 01 00 1e 1e 1e 00 42 00 04 00 
00 05 89 00 00 05 5e 00 00 03 e8 00 00 00 00 00 00 00 00 00 
00 00 00 00 00 00 00 00 00 00 00 00 00 00 00 00 02 00 02 00 
08 00 08 00 00 00 00 01 01 00 08 00 08 00 00 04 00 00 23 00 
00 00 00 00 00 00 00 00 00 00 00 00 00 00 00 00 00 00 00 00 
00 00 00 00 00 00 00 00 00 00 00 00 00 00 00 00 00 00 00 00 
00 00 00 00 00 00 00 00 00 00 00 00 00 00 00 00 00 00 00 
2021/03/22 12:45:11.402 10.54.160.222:502 write 12

00 42 00 00 00 06 01 04 00 00 00 41 
2021/03/22 12:45:11.403 10.54.160.222:502 read 139

00 42 00 00 00 85 01 04 82 80 01 00 1e 1e 1e 00 42 00 04 00 
00 05 89 00 00 05 5e 00 00 03 e8 00 00 00 00 00 00 00 00 00 
00 00 00 00 00 00 00 00 00 00 00 00 00 00 00 00 02 00 02 00 
08 00 08 00 00 00 00 01 01 00 08 00 08 00 00 04 00 00 23 00 
00 00 00 00 00 00 00 00 00 00 00 00 00 00 00 00 00 00 00 00 
00 00 00 00 00 00 00 00 00 00 00 00 00 00 00 00 00 00 00 00 
00 00 00 00 00 00 00 00 00 00 00 00 00 00 00 00 00 00 00 
2021/03/22 12:45:12.403 10.54.160.222:502 write 12

00 43 00 00 00 06 01 04 00 00 00 41 
2021/03/22 12:45:12.405 10.54.160.222:502 read 139

00 43 00 00 00 85 01 04 82 80 01 00 1e 1e 1e 00 42 00 04 00 
00 05 88 00 00 05 60 00 00 03 e8 00 00 00 00 00 00 00 00 00 
00 00 00 00 00 00 00 00 00 00 00 00 00 00 00 00 02 00 02 00 
08 00 08 00 00 00 00 01 01 00 08 00 08 00 00 04 00 00 23 00 
00 00 00 00 00 00 00 00 00 00 00 00 00 00 00 00 00 00 00 00 
00 00 00 00 00 00 00 00 00 00 00 00 00 00 00 00 00 00 00 00 
00 00 00 00 00 00 00 00 00 00 00 00 00 00 00 00 00 00 00 
2021/03/22 12:45:13.405 10.54.160.222:502 write 12

00 44 00 00 00 06 01 04 00 00 00 41 
2021/03/22 12:45:13.406 10.54.160.222:502 read 139

00 44 00 00 00 85 01 04 82 80 01 00 1e 1e 1e 00 42 00 04 00 
00 05 8a 00 00 05 5f 00 00 03 e8 00 00 00 00 00 00 00 00 00 
00 00 00 00 00 00 00 00 00 00 00 00 00 00 00 00 02 00 02 00 
08 00 08 00 00 00 00 01 01 00 08 00 08 00 00 04 00 00 23 00 
00 00 00 00 00 00 00 00 00 00 00 00 00 00 00 00 00 00 00 00 
00 00 00 00 00 00 00 00 00 00 00 00 00 00 00 00 00 00 00 00 
00 00 00 00 00 00 00 00 00 00 00 00 00 00 00 00 00 00 00 
2021/03/22 12:45:14.406 10.54.160.222:502 write 12

00 45 00 00 00 06 01 04 00 00 00 41 
2021/03/22 12:45:14.408 10.54.160.222:502 read 139

00 45 00 00 00 85 01 04 82 80 01 00 1e 1e 1e 00 42 00 04 00 
00 05 88 00 00 05 5f 00 00 03 e8 00 00 00 00 00 00 00 00 00 
00 00 00 00 00 00 00 00 00 00 00 00 00 00 00 00 02 00 02 00 
08 00 08 00 00 00 00 01 01 00 08 00 08 00 00 04 00 00 23 00 
00 00 00 00 00 00 00 00 00 00 00 00 00 00 00 00 00 00 00 00 
00 00 00 00 00 00 00 00 00 00 00 00 00 00 00 00 00 00 00 00 
00 00 00 00 00 00 00 00 00 00 00 00 00 00 00 00 00 00 00 
2021/03/22 12:45:15.408 10.54.160.222:502 write 12

00 46 00 00 00 06 01 04 00 00 00 41 
2021/03/22 12:45:15.409 10.54.160.222:502 read 139

00 46 00 00 00 85 01 04 82 80 01 00 1e 1e 1e 00 42 00 04 00 
00 05 8a 00 00 05 5f 00 00 03 e8 00 00 00 00 00 00 00 00 00 
00 00 00 00 00 00 00 00 00 00 00 00 00 00 00 00 02 00 02 00 
08 00 08 00 00 00 00 01 01 00 08 00 08 00 00 04 00 00 23 00 
00 00 00 00 00 00 00 00 00 00 00 00 00 00 00 00 00 00 00 00 
00 00 00 00 00 00 00 00 00 00 00 00 00 00 00 00 00 00 00 00 
00 00 00 00 00 00 00 00 00 00 00 00 00 00 00 00 00 00 00 
2021/03/22 12:45:16.410 10.54.160.222:502 write 12

00 47 00 00 00 06 01 04 00 00 00 41 
2021/03/22 12:45:16.411 10.54.160.222:502 read 139

00 47 00 00 00 85 01 04 82 80 01 00 1e 1e 1e 00 42 00 04 00 
00 05 89 00 00 05 60 00 00 03 e8 00 00 00 00 00 00 00 00 00 
00 00 00 00 00 00 00 00 00 00 00 00 00 00 00 00 02 00 02 00 
08 00 08 00 00 00 00 01 01 00 08 00 08 00 00 04 00 00 23 00 
00 00 00 00 00 00 00 00 00 00 00 00 00 00 00 00 00 00 00 00 
00 00 00 00 00 00 00 00 00 00 00 00 00 00 00 00 00 00 00 00 
00 00 00 00 00 00 00 00 00 00 00 00 00 00 00 00 00 00 00 
2021/03/22 12:45:17.411 10.54.160.222:502 write 12

00 48 00 00 00 06 01 04 00 00 00 41 
2021/03/22 12:45:17.412 10.54.160.222:502 read 139

00 48 00 00 00 85 01 04 82 80 01 00 1e 1e 1e 00 42 00 04 00 
00 05 89 00 00 05 5e 00 00 03 e8 00 00 00 00 00 00 00 00 00 
00 00 00 00 00 00 00 00 00 00 00 00 00 00 00 00 02 00 02 00 
08 00 08 00 00 00 00 01 01 00 08 00 08 00 00 04 00 00 23 00 
00 00 00 00 00 00 00 00 00 00 00 00 00 00 00 00 00 00 00 00 
00 00 00 00 00 00 00 00 00 00 00 00 00 00 00 00 00 00 00 00 
00 00 00 00 00 00 00 00 00 00 00 00 00 00 00 00 00 00 00 
2021/03/22 12:45:18.413 10.54.160.222:502 write 12

00 49 00 00 00 06 01 04 00 00 00 41 
2021/03/22 12:45:18.414 10.54.160.222:502 read 139

00 49 00 00 00 85 01 04 82 80 01 00 1e 1e 1e 00 42 00 04 00 
00 05 88 00 00 05 5f 00 00 03 e8 00 00 00 00 00 00 00 00 00 
00 00 00 00 00 00 00 00 00 00 00 00 00 00 00 00 02 00 02 00 
08 00 08 00 00 00 00 01 01 00 08 00 08 00 00 04 00 00 23 00 
00 00 00 00 00 00 00 00 00 00 00 00 00 00 00 00 00 00 00 00 
00 00 00 00 00 00 00 00 00 00 00 00 00 00 00 00 00 00 00 00 
00 00 00 00 00 00 00 00 00 00 00 00 00 00 00 00 00 00 00 
2021/03/22 12:45:19.414 10.54.160.222:502 write 12

00 4a 00 00 00 06 01 04 00 00 00 41 
2021/03/22 12:45:19.416 10.54.160.222:502 read 139

00 4a 00 00 00 85 01 04 82 80 01 00 1e 1e 1e 00 42 00 04 00 
00 05 88 00 00 05 5f 00 00 03 e8 00 00 00 00 00 00 00 00 00 
00 00 00 00 00 00 00 00 00 00 00 00 00 00 00 00 02 00 02 00 
08 00 08 00 00 00 00 01 01 00 08 00 08 00 00 04 00 00 23 00 
00 00 00 00 00 00 00 00 00 00 00 00 00 00 00 00 00 00 00 00 
00 00 00 00 00 00 00 00 00 00 00 00 00 00 00 00 00 00 00 00 
00 00 00 00 00 00 00 00 00 00 00 00 00 00 00 00 00 00 00 
2021/03/22 12:45:20.416 10.54.160.222:502 write 12

00 4b 00 00 00 06 01 04 00 00 00 41 
2021/03/22 12:45:20.417 10.54.160.222:502 read 139

00 4b 00 00 00 85 01 04 82 80 01 00 1e 1e 1e 00 42 00 04 00 
00 05 89 00 00 05 5e 00 00 03 e8 00 00 00 00 00 00 00 00 00 
00 00 00 00 00 00 00 00 00 00 00 00 00 00 00 00 02 00 02 00 
08 00 08 00 00 00 00 01 01 00 08 00 08 00 00 04 00 00 23 00 
00 00 00 00 00 00 00 00 00 00 00 00 00 00 00 00 00 00 00 00 
00 00 00 00 00 00 00 00 00 00 00 00 00 00 00 00 00 00 00 00 
00 00 00 00 00 00 00 00 00 00 00 00 00 00 00 00 00 00 00 
2021/03/22 12:45:21.418 10.54.160.222:502 write 12

00 4c 00 00 00 06 01 04 00 00 00 41 
2021/03/22 12:45:21.419 10.54.160.222:502 read 139

00 4c 00 00 00 85 01 04 82 80 01 00 1e 1e 1e 00 42 00 04 00 
00 05 87 00 00 05 5f 00 00 03 e8 00 00 00 00 00 00 00 00 00 
00 00 00 00 00 00 00 00 00 00 00 00 00 00 00 00 02 00 02 00 
08 00 08 00 00 00 00 01 01 00 08 00 08 00 00 04 00 00 23 00 
00 00 00 00 00 00 00 00 00 00 00 00 00 00 00 00 00 00 00 00 
00 00 00 00 00 00 00 00 00 00 00 00 00 00 00 00 00 00 00 00 
00 00 00 00 00 00 00 00 00 00 00 00 00 00 00 00 00 00 00 
2021/03/22 12:45:22.419 10.54.160.222:502 write 12

00 4d 00 00 00 06 01 04 00 00 00 41 
2021/03/22 12:45:22.420 10.54.160.222:502 read 139

00 4d 00 00 00 85 01 04 82 80 01 00 1e 1e 1e 00 42 00 04 00 
00 05 8a 00 00 05 5e 00 00 03 e8 00 00 00 00 00 00 00 00 00 
00 00 00 00 00 00 00 00 00 00 00 00 00 00 00 00 02 00 02 00 
08 00 08 00 00 00 00 01 01 00 08 00 08 00 00 04 00 00 23 00 
00 00 00 00 00 00 00 00 00 00 00 00 00 00 00 00 00 00 00 00 
00 00 00 00 00 00 00 00 00 00 00 00 00 00 00 00 00 00 00 00 
00 00 00 00 00 00 00 00 00 00 00 00 00 00 00 00 00 00 00 
2021/03/22 12:45:23.420 10.54.160.222:502 write 12

00 4e 00 00 00 06 01 04 00 00 00 41 
2021/03/22 12:45:23.422 10.54.160.222:502 read 139

00 4e 00 00 00 85 01 04 82 80 01 00 1e 1e 1e 00 42 00 04 00 
00 05 89 00 00 05 5f 00 00 03 e8 00 00 00 00 00 00 00 00 00 
00 00 00 00 00 00 00 00 00 00 00 00 00 00 00 00 02 00 02 00 
08 00 08 00 00 00 00 01 01 00 08 00 08 00 00 04 00 00 23 00 
00 00 00 00 00 00 00 00 00 00 00 00 00 00 00 00 00 00 00 00 
00 00 00 00 00 00 00 00 00 00 00 00 00 00 00 00 00 00 00 00 
00 00 00 00 00 00 00 00 00 00 00 00 00 00 00 00 00 00 00 
2021/03/22 12:45:24.422 10.54.160.222:502 write 12

00 4f 00 00 00 06 01 04 00 00 00 41 
2021/03/22 12:45:24.423 10.54.160.222:502 read 139

00 4f 00 00 00 85 01 04 82 80 01 00 1e 1e 1e 00 42 00 04 00 
00 05 88 00 00 05 5d 00 00 03 e8 00 00 00 00 00 00 00 00 00 
00 00 00 00 00 00 00 00 00 00 00 00 00 00 00 00 02 00 02 00 
08 00 08 00 00 00 00 01 01 00 08 00 08 00 00 04 00 00 23 00 
00 00 00 00 00 00 00 00 00 00 00 00 00 00 00 00 00 00 00 00 
00 00 00 00 00 00 00 00 00 00 00 00 00 00 00 00 00 00 00 00 
00 00 00 00 00 00 00 00 00 00 00 00 00 00 00 00 00 00 00 
